4
PAD
0.206256 1 512 0 0.9 0 1
-2 -1.63636 -1.27273 -0.909091 -0.545455 -0.181818 0.181818 0.545455 0.909091 1.27273 1.63636 2
4.13001 2.49756 0.0342131 1.9697
1 0 0.677517 0.892669
0.247312 552.791 0.865103 0
3
4 0 0.35
12 0.00337243 0.403715
7 0 0.990225
ATTACC
0.0894428 1 999 0.0440893 0.382698 0 1
-2 -1.63636 -1.27273 -0.909091 -0.545455 -0.181818 0.181818 0.545455 0.909091 1.27273 1.63636 2
0 0 0.947214 0.0244379
0 1 0.677517 0.10088
0.247312 552.791 0.865103 0
3
-12 0 0.35
12 0.00337243 0.403715
5 -0.00225806 0.990225
VERS
0.0894428 2 999 0.0440893 0 0 1
-2 -1.63636 -1.27273 -0.909091 -0.545455 -0.181818 0.181818 0.545455 0.909091 1.27273 1.63636 2
0 0 0.947214 0.0244379
0 1 0.677517 0.10088
0.247312 552.791 0.865103 0
3
-12 0 0.35
12 0.00337243 0.403715
5 -0.00225806 0.990225
PLUCC
0.0894428 1 999 0.0440893 0.382698 0 1
-2 -1.63636 -1.27273 -0.909091 -0.545455 -0.181818 0.181818 0.545455 0.909091 1.27273 1.63636 2
0 0.156403 0.00488759 0.0879765
0.98436 0.0156403 1.11681 0.594428
0.247312 552.791 0.865103 0
2
12 0.03 1
4 0.000205278 1
5 -0.00225806 0.990225
